# Baryon_Mass_Density(g/cm^3)  Pressure/c^2(g/cm^3)  Energy_Mass_Density(g/cm^3)
 1.32722253E+01  3.36295284E-07  1.31539400E+01
 4.19704616E+01  2.14431964E-06  4.15964124E+01
 1.32722253E+02  1.36728255E-05  1.31539417E+02
 4.19704616E+02  8.71820379E-05  4.15964232E+02
 1.32722253E+03  5.55898834E-04  1.31539486E+03
 4.19704616E+03  3.54457777E-03  4.15964671E+03
 1.32722253E+04  2.26012915E-02  1.31539766E+04
 4.19704616E+04  1.44112616E-01  4.15966455E+04
 1.32722253E+05  9.18905284E-01  1.31540903E+05
 4.19704616E+05  5.85921582E+00  4.15973708E+05
 1.05421651E+06  2.57912311E+01  1.04486337E+06
 2.64814161E+06  1.08539025E+02  2.62472507E+06
 6.65192248E+06  4.35157484E+02  6.59342212E+06
 8.37359947E+06  5.85142727E+02  8.30008816E+06
 1.67051580E+07  1.59665300E+03  1.65594512E+07
 3.33374544E+07  4.26478812E+03  3.30492325E+07
 6.65297350E+07  1.11932608E+04  6.59613114E+07
 1.32724364E+08  2.89734106E+04  1.31607997E+08
 2.64808393E+08  7.42805257E+04  2.62626425E+08
 3.33366191E+08  9.72233723E+04  3.30641274E+08
 5.28439116E+08  1.81250714E+05  5.24196764E+08
 8.37353339E+08  3.37021738E+05  8.30774365E+08
 1.05429750E+09  4.59413257E+05  1.04611577E+09
 1.22224058E+09  5.60330628E+05  1.21283631E+09
 1.61793164E+09  7.63278020E+05  1.60569384E+09
 2.56443125E+09  1.41529102E+06  2.54563758E+09
 4.19674292E+09  2.62140381E+06  4.16720120E+09
 6.65183018E+09  4.85338007E+06  6.60707697E+09
 8.08533444E+09  6.29982529E+06  8.03212665E+09
 1.01791421E+10  8.56963165E+06  1.01140545E+10
 1.32759019E+10  1.16605738E+07  1.31940453E+10
 1.67108121E+10  1.58552650E+07  1.66112878E+10
 2.10386027E+10  2.15631604E+07  2.09180827E+10
 2.54829399E+10  2.78496339E+07  2.53421300E+10
 3.33380816E+10  3.78746120E+07  3.31638488E+10
 4.19667923E+10  5.14934501E+07  4.17588717E+10
 5.06560491E+10  6.61915589E+07  5.04171505E+10
 6.65195719E+10  9.00022727E+07  6.62299572E+10
 8.37559564E+10  1.22391519E+08  8.34184397E+10
 1.03027407E+11  1.61334275E+08  1.02644512E+11
 1.09630758E+11  1.66341201E+08  1.09233821E+11
 1.42124866E+11  2.26201781E+08  1.41667616E+11
 1.70762123E+11  2.88955251E+08  1.70264190E+11
 1.85107685E+11  3.21778431E+08  1.84593531E+11
 2.10344796E+11  3.66061908E+08  2.09807304E+11
 2.73803679E+11  4.97688424E+08  2.73232440E+11
 3.33378202E+11  6.47117342E+08  3.32805973E+11
 4.19711515E+11  8.38715702E+08  4.19181467E+11
 4.30810395E+11  8.68423462E+08  4.30288899E+11
 4.34323713E+11  8.77880988E+08  4.33805084E+11
 4.53257514E+11  9.29285427E+08  4.52755648E+11
 4.83288337E+11  1.01228913E+09  4.82817472E+11
 4.98859579E+11  1.05601628E+09  4.98406854E+11
 5.12201143E+11  1.09384639E+09  5.11765053E+11
 5.72431716E+11  1.20500014E+09  5.72079281E+11
 2.11308853E+12  2.39742733E+09  2.11612068E+12
 3.17348513E+12  3.81327468E+09  3.17954598E+12
 4.47641123E+12  5.86132986E+09  4.48689254E+12
 6.04012354E+12  8.67600101E+09  6.05674888E+12
 7.88840604E+12  1.24027115E+10  7.91328465E+12
 1.25557590E+13  2.32477128E+10  1.26053257E+13
 1.87541632E+13  3.98784949E+10  1.88431423E+13
 2.67971650E+13  6.41008893E+10  2.69458851E+13
 3.69706747E+13  9.80433955E+10  3.72058369E+13
 4.93718379E+13  1.44054818E+11  4.97256214E+13
 7.14926053E+13  2.40554968E+11  7.20879004E+13
 1.04180490E+14  4.28092155E+11  1.05194070E+14
 1.22561145E+14  5.61465532E+11  1.23839997E+14
 1.27225818E+14  5.97615536E+11  1.28575389E+14
 1.42368837E+14  7.99628302E+11  1.43961386E+14
 1.50743475E+14  8.92623603E+11  1.52479399E+14
 1.59118112E+14  9.93941528E+11  1.61002806E+14
 1.67492750E+14  1.10433868E+12  1.69531780E+14
 1.75867387E+14  1.22447152E+12  1.78066513E+14
 1.84242025E+14  1.35498538E+12  1.86607210E+14
 1.92616662E+14  1.49673702E+12  1.95154090E+14
 2.00991300E+14  1.65028274E+12  2.03707386E+14
 2.09365937E+14  1.81640141E+12  2.12267337E+14
 2.17740575E+14  1.99576062E+12  2.20834194E+14
 2.26115212E+14  2.18902796E+12  2.29408213E+14
 2.34489850E+14  2.39709354E+12  2.37989660E+14
 2.42864487E+14  2.62051369E+12  2.46578809E+14
 2.51239125E+14  2.85995601E+12  2.55175934E+14
 2.59613762E+14  3.11631061E+12  2.63781318E+14
 2.67988400E+14  3.39002255E+12  2.72395248E+14
 2.76363037E+14  3.68175943E+12  2.81018010E+14
 2.84737675E+14  3.99263389E+12  2.89649899E+14
 2.93112312E+14  4.32297973E+12  2.98291215E+14
 3.01486950E+14  4.67368706E+12  3.06942256E+14
 3.09861587E+14  5.04542349E+12  3.15603328E+14
 3.18236225E+14  5.43885659E+12  3.24274737E+14
 3.26610862E+14  5.85454269E+12  3.32956789E+14
 3.34985500E+14  6.29348319E+12  3.41649795E+14
 3.43360137E+14  6.75612313E+12  3.50354068E+14
 3.51734775E+14  7.24346391E+12  3.59069923E+14
 3.60109412E+14  7.75572805E+12  3.67797675E+14
 3.68484050E+14  8.29413947E+12  3.76537642E+14
 3.76858687E+14  8.85903196E+12  3.85290144E+14
 3.85233325E+14  9.45140692E+12  3.94055501E+14
 3.93607962E+14  1.00717094E+13  4.02834037E+14
 4.01982600E+14  1.07209408E+13  4.11626076E+14
 4.10357237E+14  1.13991010E+13  4.20431940E+14
 4.18731875E+14  1.21078592E+13  4.29251954E+14
 4.35481149E+14  1.36021484E+13  4.46935457E+14
 4.52230424E+14  1.52377442E+13  4.64679103E+14
 4.68979699E+14  1.70246603E+13  4.82486080E+14
 4.85728974E+14  1.89706855E+13  5.00359670E+14
 5.02478249E+14  2.11014106E+13  5.18303491E+14
 5.19227524E+14  2.34101597E+13  5.36321257E+14
 5.35976799E+14  2.59280870E+13  5.54416815E+14
 5.52726074E+14  2.86407282E+13  5.72594058E+14
 5.69475349E+14  3.15647728E+13  5.90856660E+14
 5.86224624E+14  3.47358258E+13  6.09208836E+14
 6.02973899E+14  3.81349721E+13  6.27654831E+14
 6.19723174E+14  4.17978165E+13  6.46198855E+14
 6.36472449E+14  4.57265843E+13  6.64845421E+14
 6.53221724E+14  4.99190501E+13  6.83598803E+14
 6.69970999E+14  5.43919038E+13  7.02463235E+14
 6.86720274E+14  5.91662857E+13  7.21443211E+14
 7.03469549E+14  6.42577729E+13  7.40543455E+14
 7.20218824E+14  6.96474504E+13  7.59768439E+14
 7.36968099E+14  7.53542331E+13  7.79122413E+14
 7.53717374E+14  8.14126133E+13  7.98610037E+14
 7.70466649E+14  8.78070139E+13  8.18235990E+14
 7.87215924E+14  9.45719270E+13  8.38004936E+14
 8.03965199E+14  1.01688437E+14  8.57921523E+14
 8.20714474E+14  1.09189925E+14  8.77990342E+14
 8.37463749E+14  1.17061925E+14  8.98216003E+14
 8.54213024E+14  1.25340042E+14  9.18603127E+14
 8.70962299E+14  1.34029840E+14  9.39156567E+14
 8.87711574E+14  1.43120192E+14  9.59880941E+14
 9.04460849E+14  1.52644478E+14  9.80780890E+14
 9.37959399E+14  1.73005976E+14  1.02312652E+15
 9.71457949E+14  1.95169967E+14  1.06623106E+15
 1.00495650E+15  2.19303350E+14  1.11013331E+15
 1.03845505E+15  2.45361617E+14  1.15487167E+15
 1.07195360E+15  2.73545046E+14  1.20048442E+15
 1.10545215E+15  3.03853636E+14  1.24701069E+15
 1.13895070E+15  3.36254010E+14  1.29448676E+15
 1.17244925E+15  3.71146719E+14  1.34295193E+15
 1.20594780E+15  4.08298108E+14  1.39244598E+15
 1.23944635E+15  4.47930708E+14  1.44300610E+15
 1.27294490E+15  4.90022264E+14  1.49467026E+15
 1.30644345E+15  5.34773054E+14  1.54747671E+15
 1.33994200E+15  5.82327722E+14  1.60146618E+15
 1.37344055E+15  6.32530498E+14  1.65667733E+15
 1.40693910E+15  6.85559406E+14  1.71314709E+15
 1.44043765E+15  7.41392191E+14  1.77091255E+15
 1.47393620E+15  8.00218006E+14  1.83001094E+15
 1.50743475E+15  8.62214874E+14  1.89048198E+15
 1.54093330E+15  9.27215897E+14  1.95236386E+15
 1.57443185E+15  9.95376847E+14  2.01569288E+15
 1.60793040E+15  1.06689800E+15  2.08050759E+15
 1.64142895E+15  1.14180161E+15  2.14684729E+15
 1.67492750E+15  1.22002092E+15  2.21474922E+15
 1.70842605E+15  1.30146691E+15  2.28424763E+15
 1.74192460E+15  1.38680718E+15  2.35538086E+15
 1.77542315E+15  1.47559666E+15  2.42818822E+15
 1.80892170E+15  1.56805789E+15  2.50270527E+15
 1.84242025E+15  1.66419087E+15  2.57896834E+15
 1.87591880E+15  1.76499697E+15  2.65702137E+15
 1.90941735E+15  1.86713826E+15  2.73688672E+15
 1.94291590E+15  1.97628924E+15  2.81860472E+15
 1.97641445E+15  2.08722046E+15  2.90222018E+15
 2.00991300E+15  2.20360367E+15  2.98776158E+15
 2.04341155E+15  2.32332483E+15  3.07527047E+15
 2.07691010E+15  2.44838671E+15  3.16478540E+15
 2.11040865E+15  2.57511757E+15  3.25633113E+15
 2.14390720E+15  2.70919191E+15  3.34994610E+15
 2.17740575E+15  2.84638168E+15  3.44568033E+15
 2.21090430E+15  2.98746572E+15  3.54355504E+15
 2.24440285E+15  3.13366795E+15  3.64360590E+15
